%YAML:1.0
object_file_path: "../3d_models/"
name_of_object: "Armadillo"
method_of_IG : 101
octomap_resolution: 0.004
num_of_max_iteration: 1
move_wait : 0

p_unknown_upper_bound: 0.65
p_unknown_lower_bound: 0.45

num_of_views : 5000

cost_weight: 0.5
skip_coefficient : 10.0

color_width: 640
color_height: 480
color_fx: 6.1040447998046875e+02
color_fy: 6.0888446044921875e+02
color_ppx: 3.2476354980468750e+02
color_ppy: 2.4834353637695313e+02
color_model: 2
color_k1: 1.2042199820280075e-01
color_k2: -2.1373499929904938e-01
color_k3: 5.3860000334680080e-03
color_p1: -2.1210000850260258e-03
color_p2: 0.
depth_scale: 1.0000000474974513e-03






robot_cost_negative: 0

num_of_max_flow_node : -1
interesting_threshold : 0.3

show: 1

nbv_net_path: "D:/jupyter_pytorch_cpu/nbv-net"